---
- added: 8
  cycles: 2
  removed: 8
  seconds: 3.714993497
  version: 0.20.0
  what: judges-summary
  when: 2024-07-25 16:12:06.627056823 Z
- _id: 1
  _time: 2024-07-25 16:12:03.780276574 Z
  _version: 0.2.1/0.20.0/0.0.35
  details: The issue h1alexbel/ghiqc#2 has been opened by @renovate[bot].
  event_id: 40465697276
  event_type: IssuesEvent
  is_human: 0
  issue: 2
  repository: 833604403
  what: issue-was-opened
  when: 2024-07-25 15:06:23.000000000 Z
  where: github
  who: 29139614
- _id: 2
  _time: 2024-07-25 16:12:03.965844398 Z
  _version: 0.2.1/0.20.0/0.0.35
  details: The issue h1alexbel/ghiqc#1 has been opened by @h1alexbel.
  event_id: 40458281800
  event_type: IssuesEvent
  is_human: 1
  issue: 1
  repository: 833604403
  what: issue-was-opened
  when: 2024-07-25 11:37:10.000000000 Z
  where: github
  who: 83453843
- _id: 5
  _time: 2024-07-25 16:12:04.560959959 Z
  _version: 0.2.1/0.20.0/0.0.35
  average_issue_lifetime: 12971.0
  average_pull_lifetime: 0
  average_release_interval: 0
  average_workflow_success_rate: 0.6
  what: quality-of-service
  when: 2024-07-25 16:12:04.561085606 Z
- _id: 6
  _time: 2024-07-25 16:12:06.229963143 Z
  _version: 0.2.1/0.20.0/0.0.35
  latest: 40465697276
  repository: 833604403
  what: events-were-scanned
  where: github
- _id: 7
  _time: 2024-07-25 16:12:06.624925682 Z
  _version: 0.2.1/0.20.0/0.0.35
  latest: 0
  repository: 833604403
  what: labels-were-scanned
  where: github
